每幅图像的标定误差：
第1幅图像的平均误差：0.0644823像素
第2幅图像的平均误差：0.0769712像素
第3幅图像的平均误差：0.057877像素
第4幅图像的平均误差：0.0596713像素
第5幅图像的平均误差：0.0625956像素
第6幅图像的平均误差：0.0658863像素
第7幅图像的平均误差：0.0568134像素
第8幅图像的平均误差：0.0643699像素
第9幅图像的平均误差：0.058048像素
第10幅图像的平均误差：0.0565483像素
第11幅图像的平均误差：0.0590138像素
第12幅图像的平均误差：0.0569968像素
第13幅图像的平均误差：0.0698826像素
总体平均误差：0.0622428像素

相机内参数矩阵：
[530.52773142181, 0, 338.8371277212259;
 0, 530.5883296885262, 231.5390118927091;
 0, 0, 1]

畸变系数：
[-0.2581406916817831, -0.1112448025147043, 0.0004630258918367965, -0.0009475605582522321, 0.4136467925116672]


第1幅图像的旋转向量：
[-28.93155623488074;
 -42.20493180458875;
 158.7504298022348]
第1幅图像的旋转矩阵：
[-0.8996448192562806, 0.3570743199872662, -0.2512710273608275;
 -0.1851458143700446, -0.8331700714726809, -0.5211033097414187;
 -0.3954241097942655, -0.4222861139178501, 0.8156679541244546]
第1幅图像的平移向量：
[-1.98572013213221;
 -2.010141521312152;
 0.1175016759404874]

第2幅图像的旋转向量：
[-22.2637372427053;
 34.12731720472389;
 140.5679876994803]
第2幅图像的旋转矩阵：
[-0.2380500435392489, -0.9704485465157242, 0.0395195563801061;
 0.880535437036047, -0.1984661252120848, 0.4304283230307214;
 -0.4098652472395039, 0.1372618508866166, 0.9017592047750227]
第2幅图像的平移向量：
[-2.431974050270814;
 -0.2015324617234735;
 0.210318618859113]

第3幅图像的旋转向量：
[-14.98549770105955;
 -39.08441628890779;
 126.4612208323163]
第3幅图像的旋转矩阵：
[0.3127625239369246, -0.8814543780336966, -0.3538612483245852;
 0.9274034492426561, 0.3638747943860393, -0.0867062647295001;
 0.2051888056240622, -0.3010536720515908, 0.9312702296276973]
第3幅图像的平移向量：
[1.726707502779274;
 2.494100661599134;
 -0.5169212442727226]

第4幅图像的旋转向量：
[-38.44003361337127;
 -25.81501883763536;
 131.4244331569863]
第4幅图像的旋转矩阵：
[0.4846181367851962, -0.8174537782492579, -0.3113110693901809;
 0.8744730965565564, 0.4613117474235606, 0.1499609118664215;
 0.02102533941777149, -0.3449069325412787, 0.9384013762710142]
第4幅图像的平移向量：
[-2.144507828015618;
 -2.137658756423353;
 0.3861555312859998]

第5幅图像的旋转向量：
[24.30067699739693;
 -45.10982995744175;
 125.9746330437086]
第5幅图像的旋转矩阵：
[-0.563792773648953, 0.6344093549194849, 0.5288312384606866;
 -0.8258950975561121, -0.4376400870606526, -0.3554833920597762;
 0.0059157597990947, -0.6371780948747279, 0.770693894615633]
第5幅图像的平移向量：
[-0.3394208745422186;
 -2.941274925869128;
 0.7239987874794223]

第6幅图像的旋转向量：
[67.93771100885957;
 -25.0078796441203;
 132.7949856975262]
第6幅图像的旋转矩阵：
[0.9205945163370741, -0.3891516273396233, -0.03266109962985655;
 0.3743751870520879, 0.90324289663045, -0.2097510166992005;
 0.1111258557214418, 0.1808681304861556, 0.9772091708353029]
第6幅图像的平移向量：
[0.1444036987999506;
 -2.686413562544368;
 -0.08279238312306542]

第7幅图像的旋转向量：
[8.991971655661994;
 -27.41810780727502;
 154.530118754965]
第7幅图像的旋转矩阵：
[0.992663717967196, -0.11912134057977, -0.02070867571868428;
 0.1189744780823648, 0.9928635404759094, -0.008189234315313137;
 0.02153640166258232, 0.00566535189733588, 0.9997520128468396]
第7幅图像的平移向量：
[0.4433620069578236;
 -2.778035766134912;
 0.1565310821866744]

第8幅图像的旋转向量：
[32.5131304312586;
 -34.13564675304036;
 125.5572983648195]
第8幅图像的旋转矩阵：
[-0.4710270761512823, -0.8702310559941262, 0.1443308792868744;
 0.6773614616127741, -0.4616309657795581, -0.5727811988492978;
 0.5650795907252185, -0.1720312780187969, 0.806901664101047]
第8幅图像的平移向量：
[0.30260428788225;
 -2.832559861935523;
 0.5197600078142811]

第9幅图像的旋转向量：
[-25.72290596712809;
 -31.46049320747233;
 110.5307158654548]
第9幅图像的旋转矩阵：
[0.004626622908368475, 0.9986055109089257, 0.0525892378988983;
 -0.8766212178806921, 0.0293545453980743, -0.4802848644563394;
 -0.4811588456236004, -0.04387874481791335, 0.8755345915675569]
第9幅图像的平移向量：
[1.91801824523708;
 2.198445482068408;
 0.6398190872295649]

第10幅图像的旋转向量：
[19.76496105397096;
 -43.26125896519177;
 134.1774724868614]
第10幅图像的旋转矩阵：
[-0.5218869475809171, 0.7205788126924306, 0.4565086950359654;
 -0.8515264034968826, -0.4084921575049172, -0.3286897342550298;
 -0.05036663669868416, -0.560268089360571, 0.8267786099990236]
第10幅图像的平移向量：
[0.2388869800735912;
 2.534868757168973;
 0.0581645557336397]

第11幅图像的旋转向量：
[21.25060614994029;
 -39.99033216151154;
 127.8204614922822]
第11幅图像的旋转矩阵：
[-0.8233325713901117, 0.379628370020505, 0.4219073092086946;
 -0.5523971312827187, -0.7066747227512347, -0.4421179091318156;
 0.1303107295611888, -0.5970704622572114, 0.7915339391720297]
第11幅图像的平移向量：
[-0.02801590473434438;
 -3.011578659432269;
 0.5796308944126147]

第12幅图像的旋转向量：
[14.30871441043942;
 -35.56423362908134;
 115.1494407190959]
第12幅图像的旋转矩阵：
[-0.3805774717467897, -0.9179468477657026, -0.11195701262463;
 0.821205445976657, -0.2798135483866619, -0.4973188048300055;
 0.4251851402590422, -0.2812080418769621, 0.860313683307794]
第12幅图像的平移向量：
[-0.444225787372225;
 -2.891665626288955;
 -0.7306268697983013]

第13幅图像的旋转向量：
[18.906488067539;
 -42.21529289244211;
 123.9412624404883]
第13幅图像的旋转矩阵：
[0.9424313401518859, -0.3191242754874072, -0.09991429274211858;
 0.3137638953969752, 0.9472154475837304, -0.0658415811176289;
 0.1156520083908464, 0.0307016718338053, 0.9928151994715698]
第13幅图像的平移向量：
[0.2685697410460153;
 2.70549028731334;
 0.2575020269232511]


