每幅图片的第一个角点位置坐标:

 -->101.504 -->125.436       -->113.398 -->105.405       -->135.469 -->97.8392
 -->100.833 -->128.637       -->145.237 -->110.556       -->85.5934 -->188.453
 -->227.225 -->98.9391       -->220.494 -->164.454       -->103.376 -->207.045
 -->128.853 -->185.723       -->86.0807 -->103.149       -->146.922 -->278.564
 -->254.827 -->107.467       -->111.537 -->247.137       -->102.535 -->108.729

每幅图像的标定误差:
第1幅图像的平均误差：0.0420923像素
第2幅图像的平均误差：0.0517014像素
第3幅图像的平均误差：0.0461474像素
第4幅图像的平均误差：0.0567474像素
第5幅图像的平均误差：0.0585142像素
第6幅图像的平均误差：0.0556969像素
第7幅图像的平均误差：0.0729073像素
第8幅图像的平均误差：0.0684855像素
第9幅图像的平均误差：0.0595616像素
第10幅图像的平均误差：0.0585692像素
第11幅图像的平均误差：0.0546664像素
第12幅图像的平均误差：0.0511784像素
第13幅图像的平均误差：0.0686284像素
第14幅图像的平均误差：0.0713374像素
第15幅图像的平均误差：0.0575185像素
总体平均误差：0.0582501像素

相机内参数矩阵：
[321.2477278425775, 0, 310.4175210700492;
 0, 320.6135927534845, 232.3449298783983;
 0, 0, 1]

畸变系数
[0.0214990062794233, -0.1679238250280049, -0.001866504071847082, 0.002824890662845216, 0.06711848451154277]


第1幅图像的旋转向量：
[-103.3232816826166;
 -52.73505307036822;
 153.9690074072843]
第1幅图像的旋转矩阵：
[-0.01018105421250304, 0.9336162216041922, -0.3581299999897163;
 -0.5180054543938547, -0.3112705862089712, -0.7967314298929971;
 -0.8553167222458231, 0.1774017274961984, 0.4867873578145048]
第1幅图像的平移向量：
[2.233301615569828;
 2.15712061353768;
 -0.03793890378467732]

第2幅图像的旋转向量：
[-82.81300224405503;
 -53.3397765068642;
 131.0150533454805]
第2幅图像的旋转矩阵：
[0.8893852961765467, -0.3947247187893235, -0.2306213158440602;
 0.443561141076898, 0.8672023971040624, 0.2263040357208154;
 0.1106675610624743, -0.3035661358479523, 0.9463616074708578]
第2幅图像的平移向量：
[2.156841725773583;
 2.047869547343656;
 0.1862907972930609]

第3幅图像的旋转向量：
[-97.51630253679103;
 -74.80919260189548;
 175.0326653311654]
第3幅图像的旋转矩阵：
[0.9761249918205184, -0.1946077186320785, -0.09647712781903567;
 0.2042216990109493, 0.973546579072156, 0.1024722207721848;
 0.0739830926392917, -0.1197284186219793, 0.9900462654733899]
第3幅图像的平移向量：
[-2.07592230320933;
 -2.187930910366312;
 0.2140895223398877]

第4幅图像的旋转向量：
[-90.40231314726911;
 -44.48544489692333;
 134.4697296165944]
第4幅图像的旋转矩阵：
[0.256423451300153, 0.9484755499939502, -0.1861213171213638;
 -0.6503499848231323, 0.02685270897446104, -0.7591599497215882;
 -0.7150467892829597, 0.3157104101616008, 0.6237267238556674]
第4幅图像的平移向量：
[-2.047909455982877;
 -2.012268436509132;
 -0.4071804119250154]

第5幅图像的旋转向量：
[-71.67220843113316;
 -52.79081475836201;
 137.1951710519508]
第5幅图像的旋转矩阵：
[0.9869302121598317, -0.1479923429711998, -0.06377321340535196;
 0.1525691781839271, 0.9855088638348356, 0.07412776248648519;
 0.05187872583661739, -0.08288875511712314, 0.9952075422145387]
第5幅图像的平移向量：
[-1.816968910394229;
 -2.261720640339676;
 -0.3953984103291481]

第6幅图像的旋转向量：
[-111.0350983517943;
 -21.39670677254835;
 154.0803760136323]
第6幅图像的旋转矩阵：
[-0.2387693177627762, -0.2760117260178019, -0.9310245646575457;
 0.5192532672670113, -0.8464660321780074, 0.1177764866234097;
 -0.8205883604631694, -0.4553161357447091, 0.345430107551258]
第6幅图像的平移向量：
[-2.342606206326517;
 -1.914950335603639;
 -0.01985669659445008]

第7幅图像的旋转向量：
[-33.47970974243137;
 -54.09423129568055;
 130.1339882542701]
第7幅图像的旋转矩阵：
[0.9463951172443628, -0.2931485864044663, -0.1356472939099488;
 0.3029246716812815, 0.9512676021440531, 0.05767661916141745;
 0.1121290566392883, -0.09567578272565364, 0.9890769531522897]
第7幅图像的平移向量：
[2.026921707354937;
 2.076038241228626;
 0.3263864079326173]

第8幅图像的旋转向量：
[-34.1279856084283;
 -25.862209586644;
 122.5298683801512]
第8幅图像的旋转矩阵：
[-0.4406551613407816, 0.8709453119193875, -0.2174334206817586;
 -0.7087817906529856, -0.4862075123893153, -0.5111072569773796;
 -0.5508642319324037, -0.07110920152719083, 0.8315600275600604]
第8幅图像的平移向量：
[2.201986969497848;
 2.148139497334788;
 0.6871459787677698]

第9幅图像的旋转向量：
[-118.0185777416619;
 -14.02534510045479;
 179.3971518776535]
第9幅图像的旋转矩阵：
[0.3043779008828215, -0.7980824394470659, -0.5200178009456866;
 0.8692021213108173, 0.009379695772111122, 0.4943679738979842;
 -0.3896687898240538, -0.602475261860139, 0.6965499214583362]
第9幅图像的平移向量：
[-1.997617619310103;
 -1.743304016554769;
 -0.2042056970823463]

第10幅图像的旋转向量：
[-123.8651371240158;
 -31.52239012456735;
 216.4705340885856]
第10幅图像的旋转矩阵：
[0.9986288766212128, -0.05168458573828669, -0.008310858879574421;
 0.05190833633326267, 0.9982177411751263, 0.02944258518441269;
 0.006774318959673451, -0.02983361862547363, 0.9995319223528293]
第10幅图像的平移向量：
[-2.238413847887052;
 -1.894711294779175;
 0.5446269816522999]

第11幅图像的旋转向量：
[-93.58190049549013;
 -53.87368077359367;
 127.6927445884894]
第11幅图像的旋转矩阵：
[-0.2013426012078334, 0.8211816309538604, -0.5339680570247823;
 -0.1905329081179425, -0.5675529790543838, -0.8009874074482156;
 -0.9608113071061263, -0.05953440140332333, 0.2707347173647386]
第11幅图像的平移向量：
[2.190880360941525;
 2.205754405681501;
 0.01904206075639446]

第12幅图像的旋转向量：
[-110.4494212299568;
 31.71144762927909;
 215.3499444297627]
第12幅图像的旋转矩阵：
[0.6650748232840392, 0.6946658375606967, -0.2740708914857612;
 -0.7441824715676633, 0.585951246825976, -0.3207079440153117;
 -0.06219267195697696, 0.4172535326023976, 0.9066595618453885]
第12幅图像的平移向量：
[-2.55499353564529;
 -1.365681798217337;
 0.1531230733740272]

第13幅图像的旋转向量：
[-22.66612717964811;
 -51.76514652131492;
 133.2385350361524]
第13幅图像的旋转矩阵：
[0.9778127209205636, -0.1939602734170738, -0.07913087350647627;
 0.1965084821850127, 0.9801646490438859, 0.02572308679024588;
 0.07257202791204423, -0.04070224933157799, 0.9965323013651306]
第13幅图像的平移向量：
[1.867220045784897;
 2.198123755638296;
 0.3116029710936111]

第14幅图像的旋转向量：
[-83.99046722122131;
 6.473916685671699;
 133.4967497352216]
第14幅图像的旋转矩阵：
[0.7958942649210939, -0.5972113856566068, -0.09945290296329838;
 0.5847856884621492, 0.7157696905718147, 0.3817059714342689;
 -0.1567737785331521, -0.3619562278796212, 0.9189176630490862]
第14幅图像的平移向量：
[-2.38159788910349;
 -1.651609948715349;
 -0.6110353591919735]

第15幅图像的旋转向量：
[-83.938678657586;
 -49.77381327561532;
 125.2158228585362]
第15幅图像的旋转矩阵：
[0.2066559425924221, -0.6021471636075157, -0.771175800158862;
 0.967257423570729, 0.007045758390688633, 0.2536994951433987;
 -0.1473309130445908, -0.798354025885837, 0.5838873619229342]
第15幅图像的平移向量：
[2.175149243756741;
 2.163408114860453;
 0.04967723699702884]


