每幅图片的第一个角点位置坐标:

 -->969.5 -->853       -->848.423 -->540.495       -->920.796 -->705.383
 -->913.971 -->547.317       -->574.941 -->388.42       -->677.759 -->327.34
 -->1002.39 -->585.86       -->526.431 -->694.569       -->756 -->747.5
 -->793.364 -->772.129       -->712.894 -->512.129       -->706 -->431.5
 -->782.627 -->305.276       -->1134.12 -->541.902

每幅图像的标定误差:
第1幅图像的平均误差：0.118823像素
第2幅图像的平均误差：0.0949753像素
第3幅图像的平均误差：0.0640106像素
第4幅图像的平均误差：0.0615342像素
第5幅图像的平均误差：0.104335像素
第6幅图像的平均误差：0.131692像素
第7幅图像的平均误差：0.0938384像素
第8幅图像的平均误差：0.111854像素
第9幅图像的平均误差：0.121983像素
第10幅图像的平均误差：0.0857408像素
第11幅图像的平均误差：0.115543像素
第12幅图像的平均误差：0.103422像素
第13幅图像的平均误差：0.0827541像素
第14幅图像的平均误差：0.127115像素
总体平均误差：0.101259像素

相机内参数矩阵：
[1283.396732732516, 0, 1235.716320608431;
 0, 1279.705709826684, 934.1462627829941;
 0, 0, 1]

畸变系数
[0.008674517152465165, -0.1139503274318153, -0.0003945698394922156, 0.001200847332643089, 0.002806052222084482]


第1幅图像的旋转向量：
[-90.03014390665332;
 -27.21109023039806;
 434.086442206955]
第1幅图像的旋转矩阵：
[-0.3116596253710154, 0.925780431499813, -0.2140067068239176;
 -0.8918077861732556, -0.3627262618513614, -0.2703858936484933;
 -0.3279438220707246, 0.1065844811187703, 0.9386653279791939]
第1幅图像的平移向量：
[2.180454486469656;
 2.206752806602929;
 0.06886181120476127]

第2幅图像的旋转向量：
[-65.69918520282616;
 -66.85493642558309;
 217.2479751033868]
第2幅图像的旋转矩阵：
[-0.4315356665080126, 0.8878479870051592, -0.1596963384125388;
 -0.6444491138504891, -0.4272909107928379, -0.6341197183585654;
 -0.6312387093555057, -0.1707291115326082, 0.7565641164412183]
第2幅图像的平移向量：
[2.039510315651822;
 2.059366356451243;
 0.5238437644586377]

第3幅图像的旋转向量：
[-78.12191955826853;
 -56.80433155044633;
 318.2979861935541]
第3幅图像的旋转矩阵：
[0.9333568723851479, 0.3558399361140253, 0.04714751995366455;
 -0.3501820289495643, 0.9315232665582953, -0.09816797064893285;
 -0.07885109620151977, 0.07511553585597067, 0.9940523934385396]
第3幅图像的平移向量：
[2.104484041049668;
 2.082201370716827;
 0.3416766123865358]

第4幅图像的旋转向量：
[-80.21759241851568;
 -96.60011201094589;
 319.3827048444281]
第4幅图像的旋转矩阵：
[-0.6400940325689689, 0.7453154249220291, -0.1865061576540868;
 -0.5170149070065377, -0.5974227111792555, -0.6130103507284759;
 -0.5683090843921262, -0.2959578036486337, 0.7677458974536171]
第4幅图像的平移向量：
[1.949170968922328;
 2.424221967204788;
 0.4064696448110517]

第5幅图像的旋转向量：
[-75.19292759680393;
 -62.16275003165488;
 143.0794571677465]
第5幅图像的旋转矩阵：
[-0.5625094992502431, 0.6129792150307531, -0.5548328984419746;
 -0.01275740101882328, -0.6774231218783441, -0.7354829451889711;
 -0.8266923925938146, -0.4066379174214818, 0.3888769627306748]
第5幅图像的平移向量：
[2.09278770376694;
 2.151002721157258;
 0.3758851221853719]

第6幅图像的旋转向量：
[-61.28027908161827;
 -66.84980655872698;
 138.5475910691647]
第6幅图像的旋转矩阵：
[-0.3888067104811344, -0.423099125852454, -0.8184231616882117;
 0.9039367565190271, -0.3469257116496371, -0.2500817682484158;
 -0.1781226602616882, -0.8370362479004612, 0.5173418962369251]
第6幅图像的平移向量：
[1.934526113658643;
 2.005763152908172;
 0.586949943484772]

第7幅图像的旋转向量：
[-55.1813577140482;
 -82.37074556401558;
 302.3269570106206]
第7幅图像的旋转矩阵：
[-0.5967294343417107, 0.7990478065464179, -0.0737332017722023;
 -0.6512136459532818, -0.5359094798943128, -0.5373284067343183;
 -0.4688654066088219, -0.2726236090524176, 0.840143796187759]
第7幅图像的平移向量：
[-2.022733446210904;
 -1.936359863859783;
 0.2121007514835074]

第8幅图像的旋转向量：
[-131.3340722077726;
 -44.33242939494978;
 234.8173347568825]
第8幅图像的旋转矩阵：
[-0.3836926632876517, -0.373720159672866, -0.8444602905959024;
 0.6558817535216223, -0.7540196559811988, 0.03568590465991178;
 -0.6500761997924784, -0.5401736763746285, 0.5344280436272847]
第8幅图像的平移向量：
[2.255939883702001;
 2.133627861427086;
 0.1704108021666109]

第9幅图像的旋转向量：
[-83.78327020505976;
 -32.64782415628274;
 223.161642535725]
第9幅图像的旋转矩阵：
[-0.1085258130205239, -0.8356493531656853, -0.5384350531512659;
 0.954869935566938, -0.2382738276955433, 0.1773386285773823;
 -0.2764878913417848, -0.4948896256632248, 0.8237953048860425]
第9幅图像的平移向量：
[1.954817766686233;
 1.83426355465602;
 0.6659145911857054]

第10幅图像的旋转向量：
[-68.99672455033662;
 -25.226905240069;
 199.840822348505]
第10幅图像的旋转矩阵：
[0.7824973256731672, 0.6226440808162939, 0.003504845042776053;
 -0.6039823211976791, 0.7603885481391733, -0.2387773262675157;
 -0.1513383328671389, 0.1847257547913463, 0.9710680226028259]
第10幅图像的平移向量：
[-2.179916285571262;
 -1.953762514785086;
 -0.7303554176836861]

第11幅图像的旋转向量：
[-84.64617752251998;
 -68.39203256555544;
 206.308732220893]
第11幅图像的旋转矩阵：
[0.7535347494024762, -0.587123610438637, -0.2957553845806479;
 0.6475298289438687, 0.7405568979742991, 0.1796680313539605;
 0.113536346915301, -0.3268965385686778, 0.9382154075695759]
第11幅图像的平移向量：
[-2.199414798832721;
 -2.20501815512666;
 -0.187718966261151]

第12幅图像的旋转向量：
[-75.96734691632658;
 -72.12500491421012;
 182.1832280479201]
第12幅图像的旋转矩阵：
[-0.6903561782376315, -0.04369558996444403, -0.7221489061037139;
 0.5261673214509046, -0.7154090612421291, -0.4597149387716654;
 -0.4965443555275921, -0.6973382038224457, 0.5168782569264959]
第12幅图像的平移向量：
[-2.237210623243128;
 -1.908700772411426;
 -1.039542360101865]

第13幅图像的旋转向量：
[-87.19678797553532;
 -121.3288900247879;
 243.6581764592249]
第13幅图像的旋转矩阵：
[-0.8119686848853138, 0.2037393764742521, -0.5469891417930496;
 0.3137313210424859, -0.6379028120391436, -0.7033154772856132;
 -0.492218968511526, -0.7426777692017152, 0.4540376836464273]
第13幅图像的平移向量：
[2.002411752010154;
 2.013313320916879;
 0.1073097800002741]

第14幅图像的旋转向量：
[-23.96734914817644;
 -91.58939072636954;
 298.585874821057]
第14幅图像的旋转矩阵：
[0.6052676525231404, 0.7693558374848321, 0.2043102154497905;
 -0.7515891852676299, 0.6368899916720783, -0.1717114879577966;
 -0.2622303670398748, -0.04962593914429099, 0.9637284372509611]
第14幅图像的平移向量：
[-1.891524057742747;
 -1.964553522797305;
 0.266796169613722]


