每幅图片的第一个角点位置坐标:

 -->163.129 -->97.427       -->180.984 -->148.339       -->202.218 -->173.514
 -->208.007 -->173.23       -->256.27 -->147.514       -->140.187 -->156.635
 -->156.617 -->188.659       -->166.593 -->151.369       -->248.66 -->128.987
 -->183.251 -->187.416       -->233.455 -->163.801       -->134.262 -->138.644
 -->122.647 -->168.854       -->186.295 -->150.208       -->202.39 -->158.836
 -->145.803 -->128.596

每幅图像的标定误差:
第1幅图像的平均误差：0.0421652像素
第2幅图像的平均误差：0.0539922像素
第3幅图像的平均误差：0.0536502像素
第4幅图像的平均误差：0.0474941像素
第5幅图像的平均误差：0.0449457像素
第6幅图像的平均误差：0.0495248像素
第7幅图像的平均误差：0.054063像素
第8幅图像的平均误差：0.0420955像素
第9幅图像的平均误差：0.0520528像素
第10幅图像的平均误差：0.0439421像素
第11幅图像的平均误差：0.0549976像素
第12幅图像的平均误差：0.0436939像素
第13幅图像的平均误差：0.0482675像素
第14幅图像的平均误差：0.0485879像素
第15幅图像的平均误差：0.0471111像素
第16幅图像的平均误差：0.0419665像素
总体平均误差：0.0480344像素

相机内参数矩阵：
[500.806748737765, 0, 328.9610445462723;
 0, 499.2303859142067, 230.2610330074898;
 0, 0, 1]

畸变系数
[0.1085463045946286, -0.5004613561036719, -0.004406586806799127, 0.004879848762517752, 0.5678531757716143]


第1幅图像的旋转向量：
[-84.13955559434851;
 -67.39610741144394;
 255.9317629912164]
第1幅图像的旋转矩阵：
[0.3784234628549954, -0.8241575698133714, -0.4213786692277524;
 0.9248027590250436, 0.3559076436222165, 0.1344232350114672;
 0.03918596254401219, -0.440561061977337, 0.8968669973908618]
第1幅图像的平移向量：
[-2.167653881845523;
 -2.246126999752831;
 0.1148250716605651]

第2幅图像的旋转向量：
[-97.17678562742529;
 -53.63577145495966;
 331.3267873357932]
第2幅图像的旋转矩阵：
[-0.6236671907082237, 0.6916356966400911, -0.3642516964508032;
 -0.5413919015169374, -0.7183095444633464, -0.4369510353629278;
 -0.5638564038884253, -0.07530910612957625, 0.8224320606153297]
第2幅图像的平移向量：
[-2.017243150120041;
 -1.907228060465682;
 0.3597252291016177]

第3幅图像的旋转向量：
[-62.84525767675017;
 -28.06636656380991;
 249.6994947874877]
第3幅图像的旋转矩阵：
[0.2177665063336422, -0.9283547298170702, -0.3012229147085498;
 0.9720603535779684, 0.1785937825081582, 0.1523250795217374;
 -0.087615168327834, -0.3259781533718221, 0.9413085709814726]
第3幅图像的平移向量：
[2.20631047009885;
 1.91018703316876;
 0.4862865715436774]

第4幅图像的旋转向量：
[-64.29705752647365;
 -30.18723889446178;
 267.5451022578057]
第4幅图像的旋转矩阵：
[0.9415241552375506, -0.332967626204684, -0.05162194304590398;
 0.3360989861969761, 0.9389244293645731, 0.07388090023663496;
 0.02386915544340847, -0.08691073490673384, 0.9959301117931869]
第4幅图像的平移向量：
[-2.414397234130434;
 -1.934091677537915;
 -0.6244448463688027]

第5幅图像的旋转向量：
[-51.08432362830811;
 -58.12913523700923;
 354.7286909709101]
第5幅图像的旋转矩阵：
[0.231537701473038, 0.971613619064967, 0.04855170485224426;
 -0.936292609975666, 0.2361135026171509, -0.2600126196683844;
 -0.2640955154892594, 0.01474412185712495, 0.9643838289649639]
第5幅图像的平移向量：
[-1.94785347803799;
 -1.838267700520639;
 0.3756171222489617]

第6幅图像的旋转向量：
[-108.65365831836;
 -42.00169711706696;
 289.9867281724972]
第6幅图像的旋转矩阵：
[0.05135605323655196, 0.9754479106813424, -0.2141586546076718;
 -0.8745989271260787, -0.05959408425061224, -0.4811707200071954;
 -0.4821195624177433, 0.2120139586671938, 0.8500651791859191]
第6幅图像的平移向量：
[-2.250327123062227;
 -2.013665055785073;
 -0.04325266272305835]

第7幅图像的旋转向量：
[-90.55323364655546;
 -21.4444910288116;
 265.2695990896233]
第7幅图像的旋转矩阵：
[0.05551286958568476, 0.9681478656995604, -0.2441475608146624;
 -0.91635835204454, -0.04770011141875085, -0.3975073206984422;
 -0.3964917299876231, 0.2457934285371055, 0.884522412683476]
第7幅图像的平移向量：
[-2.082025864013029;
 -1.771885829693635;
 -0.2280139186981432]

第8幅图像的旋转向量：
[-90.72347403060171;
 -44.00702522089907;
 281.8469910286995]
第8幅图像的旋转矩阵：
[-0.479884591069932, 0.8041451119831545, -0.3508011090735662;
 -0.6589299296965115, -0.5943504800697824, -0.4610410552119731;
 -0.57924271855915, 0.009906851892455548, 0.8150949191853587]
第8幅图像的平移向量：
[-2.159909546996536;
 -2.055667952633763;
 0.4229716229209818]

第9幅图像的旋转向量：
[-42.12665642020097;
 -53.34649765968425;
 265.3134490428453]
第9幅图像的旋转矩阵：
[-0.8014013279595751, 0.5732312705840729, -0.1707683283551115;
 -0.4626777987172833, -0.7750533392030874, -0.4303737630993241;
 -0.3790582621692327, -0.2658913910127848, 0.8863501577066079]
第9幅图像的平移向量：
[2.098944699612924;
 1.919897887571521;
 0.615183061971843]

第10幅图像的旋转向量：
[-84.4948271385704;
 -24.66241043629748;
 291.8076405823801]
第10幅图像的旋转矩阵：
[-0.8446708966421717, 0.1016517605821668, -0.5255454270909944;
 -0.01200592936373947, -0.9851538216981069, -0.1712536284395966;
 -0.5351513188116263, -0.1383432946122086, 0.8333511857614515]
第10幅图像的平移向量：
[-2.287224130361514;
 -1.880914568659666;
 -0.1116020844351263]

第11幅图像的旋转向量：
[-64.11239838633882;
 -44.4421924448466;
 338.0967298493547]
第11幅图像的旋转矩阵：
[0.1940201679954983, -0.9412082590532612, -0.2765559391893941;
 0.9807057777110316, 0.1792202462362158, 0.07807868405160907;
 -0.02392387876577351, -0.2863688468199001, 0.9578207199658199]
第11幅图像的平移向量：
[-1.941660845348621;
 -1.77103847998676;
 0.5422308818843102]

第12幅图像的旋转向量：
[-105.4843866649397;
 -49.30181180255612;
 272.5098998681538]
第12幅图像的旋转矩阵：
[0.5737047454706826, -0.7610737277738558, -0.3027038914794883;
 0.8188886189740417, 0.5253663168011072, 0.2311096339091583;
 -0.01686104205575342, -0.3804694653493828, 0.924639762933408]
第12幅图像的平移向量：
[-2.214348617841814;
 -2.115613503883042;
 0.04163570677892152]

第13幅图像的旋转向量：
[-107.4364079507306;
 -31.59634147418522;
 262.0797847270735]
第13幅图像的旋转矩阵：
[-0.403244885317965, -0.6415052646244291, -0.6525829893002438;
 0.7782207733057257, -0.6155768238830642, 0.1242481464387981;
 -0.4814208039338757, -0.4577512090177152, 0.7474609288668405]
第13幅图像的平移向量：
[-1.952899834045806;
 -1.98350490277633;
 -0.2557587252658856]

第14幅图像的旋转向量：
[-93.4740556130937;
 -52.42969594804358;
 330.5956743652167]
第14幅图像的旋转矩阵：
[-0.2785019613904022, -0.8246818786549475, -0.4922768088381229;
 0.9365271226867771, -0.3468363076551715, 0.05120082190896635;
 -0.212963860722249, -0.4467710540201479, 0.868931538912014]
第14幅图像的平移向量：
[-2.154564893050339;
 -2.057298808973799;
 0.6675159304858304]

第15幅图像的旋转向量：
[-77.59191687701741;
 -43.61643420389604;
 308.4600943932231]
第15幅图像的旋转矩阵：
[0.833650575491797, -0.5395105498399139, -0.11813164095038;
 0.5511122675385952, 0.8265918899036302, 0.1141101052230382;
 0.03608305073941991, -0.1602317514008344, 0.9864196871982825]
第15幅图像的平移向量：
[-2.254303433230585;
 -1.939342470233847;
 -0.1294039056694891]

第16幅图像的旋转向量：
[-95.18948425708747;
 -52.58859934438138;
 262.0050385533791]
第16幅图像的旋转矩阵：
[0.6397558039209811, -0.7177194654560671, -0.2749386845368915;
 0.7682245552023307, 0.6079977980568125, 0.2004238267827672;
 0.0233140329758795, -0.3394369550645961, 0.9403398371880642]
第16幅图像的平移向量：
[-2.111186990773068;
 -2.172807192439493;
 0.1663373252411369]


