每幅图片的第一个角点位置坐标:

 -->244.454 -->94.3314       -->256.413 -->357.891       -->277.432 -->72.529
 -->188.822 -->130.66       -->435.95 -->50.2272       -->589.093 -->138.956
 -->368.785 -->137.903       -->470.855 -->92.6446       -->219.437 -->85.997
 -->413.696 -->65.9196       -->423.1 -->71.2425       -->402.083 -->71.9645
 -->415.932 -->57.5808

每幅图像的标定误差:
第1幅图像的平均误差：0.0644823像素
第2幅图像的平均误差：0.0769712像素
第3幅图像的平均误差：0.057877像素
第4幅图像的平均误差：0.0596713像素
第5幅图像的平均误差：0.0625956像素
第6幅图像的平均误差：0.0658863像素
第7幅图像的平均误差：0.0568134像素
第8幅图像的平均误差：0.0643699像素
第9幅图像的平均误差：0.058048像素
第10幅图像的平均误差：0.0565483像素
第11幅图像的平均误差：0.0590138像素
第12幅图像的平均误差：0.0569968像素
第13幅图像的平均误差：0.0698826像素
总体平均误差：0.0622428像素

相机内参数矩阵：
[530.5277314219343, 0, 338.8371277212642;
 0, 530.5883296886828, 231.5390118927098;
 0, 0, 1]

畸变系数
[-0.2581406916938902, -0.1112448025137132, 0.0004630258922167468, -0.0009475605600207511, 0.4136467928573791]


第1幅图像的旋转向量：
[-28.93155623486094;
 -42.20493180458593;
 158.7504298021053]
第1幅图像的旋转矩阵：
[-0.899644819291457, 0.3570743198727162, -0.2512710273976665;
 -0.1851458142521767, -0.8331700715064605, -0.5211033097292875;
 -0.3954241097694223, -0.4222861139480631, 0.8156679541208561]
第1幅图像的平移向量：
[-1.985720132132277;
 -2.010141521312059;
 0.1175016759425465]

第2幅图像的旋转向量：
[-22.26373724269096;
 34.12731720471407;
 140.5679876993968]
第2幅图像的旋转矩阵：
[-0.238050043459555, -0.9704485465345692, 0.03951955639738555;
 0.8805354370606598, -0.1984661251348952, 0.4304283230159616;
 -0.4098652472329128, 0.1372618508649883, 0.9017592047813101]
第2幅图像的平移向量：
[-2.431974050270608;
 -0.201532461723475;
 0.2103186188593525]

第3幅图像的旋转向量：
[-14.98549770105076;
 -39.08441628891682;
 126.4612208322636]
第3幅图像的旋转矩阵：
[0.312762523982369, -0.8814543780212168, -0.3538612483155056;
 0.9274034492271545, 0.3638747944281786, -0.08670626471845926;
 0.2051888056248558, -0.3010536720371977, 0.9312702296321753]
第3幅图像的平移向量：
[1.726707502779353;
 2.49410066159897;
 -0.5169212442721871]

第4幅图像的旋转向量：
[-38.4400336133464;
 -25.81501883763709;
 131.4244331569177]
第4幅图像的旋转矩阵：
[0.4846181368442304, -0.8174537782227872, -0.3113110693677904;
 0.8744730965235784, 0.4613117474852986, 0.1499609118688084;
 0.02102533942868057, -0.3449069325214419, 0.9384013762780605]
第4幅图像的平移向量：
[-2.144507828015044;
 -2.137658756422596;
 0.3861555312866486]

第5幅图像的旋转向量：
[24.30067699741117;
 -45.10982995745119;
 125.9746330436154]
第5幅图像的旋转矩阵：
[-0.5637927737103596, 0.6344093548694589, 0.5288312384552336;
 -0.8258950975139994, -0.4376400871169321, -0.3554833920883299;
 0.005915759826139289, -0.6371780948858811, 0.7706938946062035]
第5幅图像的平移向量：
[-0.3394208745422898;
 -2.94127492586829;
 0.7239987874796209]

第6幅图像的旋转向量：
[67.93771100895717;
 -25.00787964409158;
 132.7949856976083]
第6幅图像的旋转矩阵：
[0.9205945162984925, -0.3891516274311179, -0.03266109962718574;
 0.374375187136415, 0.9032428965833931, -0.2097510167513284;
 0.1111258557569691, 0.1808681305242974, 0.9772091708242033]
第6幅图像的平移向量：
[0.1444036988000253;
 -2.686413562551875;
 -0.08279238313026256]

第7幅图像的旋转向量：
[8.991971655650808;
 -27.41810780727724;
 154.5301187549752]
第7幅图像的旋转矩阵：
[0.9926637179660123, -0.1191213405893501, -0.02070867572031607;
 0.1189744780919214, 0.992863540474758, -0.008189234316064463;
 0.02153640166434658, 0.005665351897679955, 0.9997520128467996]
第7幅图像的平移向量：
[0.4433620069578105;
 -2.778035766133791;
 0.156531082184797]

第8幅图像的旋转向量：
[32.51313043126778;
 -34.13564675305668;
 125.5572983647494]
第8幅图像的旋转矩阵：
[-0.4710270761050255, -0.8702310560224129, 0.1443308792672809;
 0.6773614616467911, -0.4616309657335428, -0.5727811988461557;
 0.5650795907230001, -0.1720312779991841, 0.8069016641067821]
第8幅图像的平移向量：
[0.3026042878822648;
 -2.832559861934925;
 0.5197600078128446]

第9幅图像的旋转向量：
[-25.72290596712617;
 -31.46049320747631;
 110.5307158654277]
第9幅图像的旋转矩阵：
[0.004626622884750867, 0.9986055109093155, 0.052589237893579;
 -0.8766212178781281, 0.02935454537508051, -0.4802848644624251;
 -0.4811588456284994, -0.04387874482443052, 0.8755345915645383]
第9幅图像的平移向量：
[1.918018245237673;
 2.198445482069074;
 0.6398190872291305]

第10幅图像的旋转向量：
[19.76496105398252;
 -43.26125896519619;
 134.17747248681]
第10幅图像的旋转矩阵：
[-0.5218869476180105, 0.7205788126670744, 0.4565086950335834;
 -0.8515264034748961, -0.408492157539176, -0.3286897342694129;
 -0.05036663668604766, -0.5602680893682044, 0.8267786099946203]
第10幅图像的平移向量：
[0.2388869800736341;
 2.534868757169368;
 0.05816455573348486]

第11幅图像的旋转向量：
[21.25060614995283;
 -39.99033216153111;
 127.820461492245]
第11幅图像的旋转矩阵：
[-0.823332571403211, 0.3796283699973325, 0.4219073092039823;
 -0.5523971312610504, -0.7066747227633393, -0.4421179091395408;
 0.130310729570278, -0.5970704622576182, 0.7915339391702259]
第11幅图像的平移向量：
[-0.02801590473442355;
 -3.011578659431632;
 0.5796308944114139]

第12幅图像的旋转向量：
[14.30871441044187;
 -35.56423362908428;
 115.1494407190518]
第12幅图像的旋转矩阵：
[-0.3805774717099357, -0.9179468477798847, -0.1119570126336267;
 0.8212054459933307, -0.2798135483524155, -0.4973188048217412;
 0.4251851402598258, -0.2812080418647436, 0.8603136833114005]
第12幅图像的平移向量：
[-0.4442257873721683;
 -2.891665626288547;
 -0.7306268697979158]

第13幅图像的旋转向量：
[18.90648806755182;
 -42.21529289244553;
 123.9412624404402]
第13幅图像的旋转矩阵：
[0.9424313401658434, -0.319124275449546, -0.09991429273139357;
 0.3137638953604058, 0.9472154475965306, -0.06584158110775015;
 0.115652008376321, 0.0307016718324331, 0.9928151994733043]
第13幅图像的平移向量：
[0.2685697410461033;
 2.70549028731396;
 0.257502026923456]


