每幅图片的第一个角点位置坐标:

 -->101.504 -->125.436       -->113.398 -->105.405       -->135.469 -->97.8392
 -->100.833 -->128.637       -->145.237 -->110.556       -->85.5934 -->188.453
 -->227.225 -->98.9391       -->220.494 -->164.454       -->103.376 -->207.045
 -->128.853 -->185.723       -->86.0807 -->103.149       -->146.922 -->278.564
 -->254.827 -->107.467       -->111.537 -->247.137       -->102.535 -->108.729

每幅图像的标定误差:
第1幅图像的平均误差：0.0420923像素
第2幅图像的平均误差：0.0517014像素
第3幅图像的平均误差：0.0461474像素
第4幅图像的平均误差：0.0567474像素
第5幅图像的平均误差：0.0585142像素
第6幅图像的平均误差：0.0556969像素
第7幅图像的平均误差：0.0729073像素
第8幅图像的平均误差：0.0684855像素
第9幅图像的平均误差：0.0595616像素
第10幅图像的平均误差：0.0585692像素
第11幅图像的平均误差：0.0546664像素
第12幅图像的平均误差：0.0511784像素
第13幅图像的平均误差：0.0686284像素
第14幅图像的平均误差：0.0713374像素
第15幅图像的平均误差：0.0575185像素
总体平均误差：0.0582501像素

相机内参数矩阵：
[321.2477278505592, 0, 310.4175210809854;
 0, 320.6135927610563, 232.3449298862145;
 0, 0, 1]

畸变系数
[0.0214990062591357, -0.1679238249236407, -0.001866504069680983, 0.002824890670017659, 0.06711848437289272]


第1幅图像的旋转向量：
[-103.3232816879093;
 -52.73505307419821;
 153.9690074074832]
第1幅图像的旋转矩阵：
[-0.01018105156900517, 0.9336162224159124, -0.3581299979487774;
 -0.5180054562489935, -0.3112705827985842, -0.7967314300192394;
 -0.8553167211537617, 0.1774017292082343, 0.4867873591094031]
第1幅图像的平移向量：
[2.233301615560218;
 2.157120613527446;
 -0.03793890374384837]

第2幅图像的旋转向量：
[-82.81300224869275;
 -53.33977651014664;
 131.015053345538]
第2幅图像的旋转矩阵：
[0.889385294829005, -0.3947247208336416, -0.2306213175418258;
 0.443561143721005, 0.8672023954843764, 0.2263040367449798;
 0.1106675612943461, -0.3035661378167251, 0.9463616068122159]
第2幅图像的平移向量：
[2.15684172576391;
 2.047869547326758;
 0.1862907973402734]

第3幅图像的旋转向量：
[-97.51630254258228;
 -74.80919260600864;
 175.0326653316664]
第3幅图像的旋转矩阵：
[0.9761249909545282, -0.1946077220168698, -0.09647712975325778;
 0.204221702745347, 0.9735465781123596, 0.1024722224483612;
 0.0739830937567047, -0.119728420924691, 0.9900462651114172]
第3幅图像的平移向量：
[-2.075922303216162;
 -2.187930910376779;
 0.2140895223044625]

第4幅图像的旋转向量：
[-90.40231315196843;
 -44.48544490037454;
 134.4697296168296]
第4幅图像的旋转矩阵：
[0.2564234538952148, 0.9484755496095029, -0.1861213155052371;
 -0.6503499854460123, 0.0268527123548442, -0.7591599490684158;
 -0.7150467877858205, 0.3157104110290622, 0.6237267251329225]
第4幅图像的平移向量：
[-2.047909455977722;
 -2.012268436514745;
 -0.4071804119758224]

第5幅图像的旋转向量：
[-71.67220843584765;
 -52.79081476190113;
 137.1951710526928]
第5幅图像的旋转矩阵：
[0.9869302116056183, -0.1479923460329938, -0.06377321487693689;
 0.1525691814402835, 0.9855088632202065, 0.07412776395560747;
 0.05187872680329769, -0.08288875695814857, 0.9952075420108119]
第5幅图像的平移向量：
[-1.816968910390447;
 -2.26172064034895;
 -0.3953984103793562]

第6幅图像的旋转向量：
[-111.0350983570346;
 -21.39670677656051;
 154.080376013952]
第6幅图像的旋转矩阵：
[-0.2387693189537338, -0.2760117232358548, -0.9310245651768506;
 0.5192532647732918, -0.8464660339972033, 0.117776484543066;
 -0.820588361694612, -0.4553161340491014, 0.3454301068608998]
第6幅图像的平移向量：
[-2.342606206328831;
 -1.914950335612692;
 -0.0198566966380747]

第7幅图像的旋转向量：
[-33.47970974698922;
 -54.09423129874735;
 130.1339882549129]
第7幅图像的旋转矩阵：
[0.9463951163732672, -0.2931485886729113, -0.1356472950851219;
 0.3029246741102302, 0.9512676013520864, 0.05767661946628645;
 0.1121290574295561, -0.09567578364940761, 0.9890769529733422]
第7幅图像的平移向量：
[2.026921707345914;
 2.076038241206945;
 0.3263864079918066]

第8幅图像的旋转向量：
[-34.12798561253401;
 -25.86220958963474;
 122.5298683811373]
第8幅图像的旋转矩阵：
[-0.4406551592893447, 0.8709453131589706, -0.2174334198740041;
 -0.70878179208932, -0.4862075102833955, -0.5111072569888573;
 -0.5508642317253265, -0.07110920074395871, 0.8315600277642146]
第8幅图像的平移向量：
[2.20198696947712;
 2.148139497317052;
 0.6871459788334189]

第9幅图像的旋转向量：
[-118.0185777475515;
 -14.02534510524228;
 179.3971518778557]
第9幅图像的旋转矩阵：
[0.3043778983078574, -0.7980824393042569, -0.5200178026720422;
 0.8692021214586412, 0.009379692080065167, 0.4943679737081286;
 -0.3896687915056702, -0.6024752621067943, 0.6965499203042524]
第9幅图像的平移向量：
[-1.997617619297552;
 -1.74330401656487;
 -0.204205697127123]

第10幅图像的旋转向量：
[-123.8651371305927;
 -31.52239012980013;
 216.4705340887777]
第10幅图像的旋转矩阵：
[0.9986288764362246, -0.05168458921394339, -0.008310859492833295;
 0.05190833983915428, 0.9982177409346351, 0.02944258715698278;
 0.006774319365556842, -0.02983362065086278, 0.9995319222896255]
第10幅图像的平移向量：
[-2.238413847889314;
 -1.894711294791182;
 0.5446269816150433]

第11幅图像的旋转向量：
[-93.58190049986511;
 -53.87368077684912;
 127.692744587474]
第11幅图像的旋转矩阵：
[-0.2013425999360411, 0.8211816321968328, -0.5339680555927862;
 -0.1905329099639572, -0.5675529774224375, -0.8009874081654422;
 -0.960811307006564, -0.05953439981617148, 0.2707347180670893]
第11幅图像的平移向量：
[2.190880360928287;
 2.205754405667479;
 0.01904206080661554]

第12幅图像的旋转向量：
[-110.4494212371171;
 31.71144762376454;
 215.349944431906]
第12幅图像的旋转矩阵：
[0.6650748261547618, 0.6946658355156659, -0.2740708897028932;
 -0.7441824690922139, 0.58595125036219, -0.3207079432985759;
 -0.06219267087872794, 0.4172535310411504, 0.9066595626378526]
第12幅图像的平移向量：
[-2.554993535639257;
 -1.36568179822589;
 0.1531230733349457]

第13幅图像的旋转向量：
[-22.66612718426895;
 -51.76514652449683;
 133.2385350369606]
第13幅图像的旋转矩阵：
[0.9778127203817082, -0.1939602757279222, -0.07913087450086503;
 0.1965084845583568, 0.9801646485622186, 0.0257230870130423;
 0.07257202874593838, -0.04070224991878078, 0.996532301280419]
第13幅图像的平移向量：
[1.867220045775286;
 2.198123755615988;
 0.3116029711535661]

第14幅图像的旋转向量：
[-83.99046722581615;
 6.47391668222912;
 133.4967497361333]
第14幅图像的旋转矩阵：
[0.7958942633864334, -0.5972113875527253, -0.09945290385863588;
 0.5847856902709055, 0.7157696884262652, 0.381705972686501;
 -0.1567737795772848, -0.3619562289939433, 0.918917662432025]
第14幅图像的平移向量：
[-2.38159788909338;
 -1.651609948715499;
 -0.6110353592497927]

第15幅图像的旋转向量：
[-83.93867866198316;
 -49.77381327879924;
 125.2158228583523]
第15幅图像的旋转矩阵：
[0.2066559403344484, -0.602147162798857, -0.7711758013953572;
 0.9672574238382619, 0.007045755549167351, 0.2536994942023145;
 -0.1473309144553638, -0.7983540265208335, 0.5838873606987208]
第15幅图像的平移向量：
[2.175149243745888;
 2.163408114846746;
 0.04967723704231163]


