相机相关参数：
1.内外参数矩阵:
大小：[3 x 3]
[1443.170822897709, 0, 330.3949968316377;
 0, 1447.568842394101, 171.2339891220999;
 0, 0, 1]
2.畸变系数：
大小：[5 x 1]
[0.01382568869306439, 2.515257682747077, -0.02637227023144932, -0.009640398851763703, -277.8447668603079]

图像相关参数：
第1幅图像的旋转向量：
[-2.706910614692849;
 -0.8048853691569349;
 0.306412276746077]
第1幅图像的旋转矩阵：
[0.8202877496857715, 0.4959083355496056, -0.2849612788570964;
 0.5598643003002411, -0.7980829705920891, 0.2227454540506447;
 -0.1169614165644957, -0.3422550142559291, -0.9322990573050581]
第1幅图像的平移向量：
[-29.06885705861102;
 9.681072252061302;
 307.6151622236156]
第2幅图像的旋转向量：
[0.1694495565509597;
 3.0289822100982;
 -0.8301045956830965]
第2幅图像的旋转矩阵：
[-0.9941883533888337, 0.1028048766843899, -0.03194800957660841;
 0.1047288908071614, 0.8548834055824893, -0.5081399632876625;
 -0.02492744303576558, -0.5085327129984784, -0.8606817660402165]
第2幅图像的平移向量：
[31.34527200548429;
 3.175989476162379;
 288.2906133861757]
第3幅图像的旋转向量：
[-0.3104593886564611;
 -2.20611450079132;
 -0.2954374516385381]
第3幅图像的旋转矩阵：
[-0.5950817863957598, 0.3230194899890398, -0.7358913483573862;
 0.118012526606095, 0.9408654183953327, 0.3175615027546982;
 0.7949532760257531, 0.1021306690225667, -0.5980122200933071]
第3幅图像的平移向量：
[19.3011833949376;
 -3.556307778003408;
 258.9440652463711]
第4幅图像的旋转向量：
[-0.2741339821355753;
 -2.567260007727497;
 -0.5800554289135095]
第4幅图像的旋转矩阵：
[-0.8596141110594114, 0.2931276501622124, -0.4184970260084504;
 0.08472484962912666, 0.8895032668978821, 0.4490051648180868;
 0.5038703006953872, 0.3505140780173815, -0.7894647561409979]
第4幅图像的平移向量：
[22.34038537174835;
 7.372282788988236;
 265.1703158285498]
第5幅图像的旋转向量：
[-0.3255589100545861;
 -2.761643583404303;
 -0.8918201558348249]
第5幅图像的旋转矩阵：
[-0.951055632469531, 0.2753190243044477, -0.1403303915908005;
 0.1412439570262353, 0.7911963171588855, 0.595028177751093;
 0.27485146634419, 0.5460840801289325, -0.7913588622604704]
第5幅图像的平移向量：
[31.91661870665976;
 -9.982502409828411;
 282.6817650065348]
第6幅图像的旋转向量：
[-0.3091843526156287;
 -2.744531556660114;
 -1.047115685413806]
第6幅图像的旋转矩阵：
[-0.9606836252535867, 0.2590223316062605, -0.09997201557877437;
 0.1266047974758988, 0.7291399564832246, 0.6725519675948681;
 0.2470995698614486, 0.6334527256148625, -0.7332662865462921]
第6幅图像的平移向量：
[23.21256706258562;
 -11.7485438581168;
 289.645065700192]
第7幅图像的旋转向量：
[0.06538442640438866;
 2.932390021147477;
 0.7656774528588968]
第7幅图像的旋转矩阵：
[-0.9930084407225809, 0.01382862148173105, 0.1172305671811898;
 0.06937607389065918, 0.8718646486389989, 0.4848082041644015;
 -0.09550495811855138, 0.489551635357813, -0.8667283307318761]
第7幅图像的平移向量：
[28.4493377347747;
 12.63973524024781;
 279.7814717576724]
第8幅图像的旋转向量：
[-0.05283510086532642;
 -2.730768444276089;
 1.186352791077289]
第8幅图像的旋转矩阵：
[-0.9859912982633569, -0.03263721427598954, -0.1635725282351631;
 0.09728580714185878, 0.6840561416100708, -0.7229126273999509;
 0.1354866468612208, -0.7286988454566443, -0.6712982654174348]
第8幅图像的平移向量：
[32.52044139127912;
 -15.48580174833947;
 285.3706692256237]
第9幅图像的旋转向量：
[-2.058215021542907;
 -2.157481075558487;
 -0.0751415467783919]
第9幅图像的旋转矩阵：
[-0.04107520040311874, 0.9959574290287693, -0.07988508918595513;
 0.9879863402121981, 0.05240759245325688, 0.1453837535880835;
 0.1489826146432893, -0.07295371008836864, -0.9861449876759458]
第9幅图像的平移向量：
[-15.91041063119361;
 -12.72073479382251;
 292.1084432722149]
第10幅图像的旋转向量：
[-1.919660626807419;
 -1.949135902361029;
 0.274292790718459]
第10幅图像的旋转矩阵：
[0.01386696387420505, 0.9142338405474131, -0.4049496167560096;
 0.9904868158832518, 0.04289171342228326, 0.1307523173070303;
 0.1369071761244424, -0.4029103941543681, -0.9049417878559939]
第10幅图像的平移向量：
[-25.39587035462131;
 -10.3694839514772;
 289.8799361605874]
第11幅图像的旋转向量：
[-0.1038794780791453;
 -3.046686702666153;
 -0.4047674956241772]
第11幅图像的旋转矩阵：
[-0.9955179871395343, 0.07558967191546982, -0.05683430989606231;
 0.05812805253120161, 0.9631095044857048, 0.2627569444909692;
 0.07459937526936723, 0.2582755967353711, -0.9631867157204818]
第11幅图像的平移向量：
[25.1210581687763;
 -3.707910192743324;
 280.0998416950276]
第12幅图像的旋转向量：
[-0.4533776645707133;
 -2.802522952666735;
 -0.4713951167647716]
第12幅图像的旋转矩阵：
[-0.9166352419350552, 0.3442381001822961, -0.2031747120720155;
 0.2588263478020879, 0.8984852061805169, 0.3545888548138336;
 0.3046124667936222, 0.2724416720284119, -0.9126810945868593]
第12幅图像的平移向量：
[11.00886163072366;
 -16.7276970304573;
 274.0891686795727]
第13幅图像的旋转向量：
[-0.4927124359039101;
 -2.888023652176594;
 -0.4010886671191414]
第13幅图像的旋转矩阵：
[-0.9279715909676713, 0.3475832988734411, -0.1343673200640128;
 0.2978132553142042, 0.9084635510285782, 0.2932596825540492;
 0.2239999806162613, 0.2321202851902461, -0.9465432805144799]
第13幅图像的平移向量：
[11.29004031867209;
 -11.60646118376945;
 278.7761079002543]
第14幅图像的旋转向量：
[0.2106829323363105;
 2.420449462423462;
 0.6109558943049919]
第14幅图像的旋转矩阵：
[-0.7915085914669336, 0.001673687798487145, 0.611155748073422;
 0.2915221370007601, 0.8799341565179043, 0.3751409386239175;
 -0.5371489488703678, 0.4750927056504625, -0.696963361852818]
第14幅图像的平移向量：
[19.54102023522158;
 -17.28474390536897;
 297.089837406173]
每幅图像的标定误差：
第1幅图像的平均误差：0.099178像素
第2幅图像的平均误差：0.084176像素
第3幅图像的平均误差：0.082005像素
第4幅图像的平均误差：0.0809199像素
第5幅图像的平均误差：0.0768963像素
第6幅图像的平均误差：0.0710687像素
第7幅图像的平均误差：0.0841688像素
第8幅图像的平均误差：0.0992803像素
第9幅图像的平均误差：0.0962556像素
第10幅图像的平均误差：0.0886627像素
第11幅图像的平均误差：0.0955351像素
第12幅图像的平均误差：0.0746396像素
第13幅图像的平均误差：0.108428像素
第14幅图像的平均误差：0.080815像素
总体平均误差：0.0872878像素
