相机相关参数：
1.内外参数矩阵:
大小：[3 x 3]
[1443.170822888167, 0, 330.3949958939134;
 0, 1447.568842993918, 171.2339856970361;
 0, 0, 1]
2.畸变系数：
大小：[5 x 1]
[0.0138256693307496, 2.515259089274122, -0.02637227075483793, -0.009640399047146768, -277.8447796231994]

图像相关参数：
第1幅图像的旋转向量：
[-1.321761585483096;
 -2.440428714578622;
 -0.08639631901471688]
第1幅图像的旋转矩阵：
[-0.4959083352586134, 0.8202877496847658, -0.2849612793663964;
 0.7980829712473885, 0.5598642999993552, 0.2227454524590155;
 0.3422550131495091, -0.1169614180118138, -0.9322990575296615]
第1幅图像的平移向量：
[-14.19160680087493;
 -14.26141616078639;
 297.3475117733079]
第2幅图像的旋转向量：
[2.026023941596311;
 1.81135069984257;
 -0.5294549200494402]
第2幅图像的旋转矩阵：
[0.102804876408347, 0.9941883534115048, -0.03194800975937437;
 0.8548834042385427, -0.1047288905959077, -0.508139965592228;
 -0.5085327153135624, 0.02492744301911065, -0.8606817646728344]
第2幅图像的平移向量：
[-18.36414547604727;
 8.412434692234866;
 287.0442411827945]
第3幅图像的旋转向量：
[-1.815012601398013;
 -1.367191293874291;
 0.5641288217069287]
第3幅图像的旋转矩阵：
[0.3230194901453945, 0.5950817859227212, -0.7358913486712786;
 0.9408654185852022, -0.118012528405038, 0.3175615015236292;
 0.1021306667788913, -0.7949532761128005, -0.5980122203607753]
第3幅图像的平移向量：
[-10.45290573116315;
 2.344319257554891;
 298.6917290238178]
第4幅图像的旋转向量：
[-1.931255174073063;
 -1.558605217795398;
 0.06057831383598668]
第4幅图像的旋转矩阵：
[0.2931276504769212, 0.8596141106900441, -0.4184970265467181;
 0.8895032675978978, -0.08472485072449742, 0.4490051632246276;
 0.3505140759777596, -0.5038703011413516, -0.7894647567619349]
第4幅图像的平移向量：
[-20.64031999089065;
 11.60852595348947;
 290.3638307977616]
第5幅图像的旋转向量：
[-1.979348160575722;
 -1.561886441085383;
 -0.3637482973457289]
第5幅图像的旋转矩阵：
[0.2753190246890321, 0.9510556322575906, -0.1403303922726447;
 0.7911963183134788, -0.1412439575294502, 0.5950281760964053;
 0.5460840782621994, -0.2748514668189589, -0.7913588633837311]
第5幅图像的平移向量：
[-15.63616272368336;
 -2.920303858169174;
 296.4243382812906]
第6幅图像的旋转向量：
[-1.916829433629183;
 -1.528676975435897;
 -0.4826063992248745]
第6幅图像的旋转矩阵：
[0.2590223320651818, 0.9606836250660854, -0.09997201619153162;
 0.7291399578350198, -0.1266047979461394, 0.672551966040813;
 0.6334527238712139, -0.2470995703494895, -0.7332662878881296]
第6幅图像的平移向量：
[-24.82161400388038;
 -5.418303270296522;
 302.0000441507079]
第7幅图像的旋转向量：
[-2.017873322998315;
 -1.929849695986618;
 -0.627923931906274]
第7幅图像的旋转矩阵：
[0.01382862191754064, 0.9930084408274118, 0.1172305662418062;
 0.8718646497262168, -0.06937607359663256, 0.4848082022512573;
 0.4895516334092279, 0.09550495724216315, -0.8667283319290593]
第7幅图像的平移向量：
[-21.20108412259043;
 16.10853958343719;
 275.006223818182]
第8幅图像的旋转向量：
[1.819184119610785;
 1.750124877062414;
 -0.9350550744788583]
第8幅图像的旋转矩阵：
[-0.03263721471963921, 0.9859912982143488, -0.1635725284420568;
 0.6840561397821729, -0.0972858073337558, -0.7229126291037747;
 -0.7286988471526881, -0.1354866470800818, -0.6712982635321953]
第8幅图像的平移向量：
[-16.77912333310214;
 -10.62151070019324;
 292.1450015515549]
第9幅图像的旋转向量：
[-2.990677645496716;
 -0.0704208180078473;
 0.1151338457253391]
第9幅图像的旋转矩阵：
[0.9959574289579426, 0.04107520021003622, -0.07988509016825492;
 0.0524075923146575, -0.9879863404070746, 0.1453837523137196;
 -0.07295371115485098, -0.1489826134041881, -0.9861449877842471]
第9幅图像的平移向量：
[-17.96417045275561;
 36.67858291927275;
 299.5575739042955]
第10幅图像的旋转向量：
[-2.938917975230054;
 -0.02239079080493531;
 0.6232138266404255]
第10幅图像的旋转矩阵：
[0.9142338403671703, -0.0138669641053016, -0.4049496171550216;
 0.04289171251585932, -0.990486816136408, 0.1307523156866383;
 -0.4029103946598465, -0.1369071742695164, -0.9049417879115668]
第10幅图像的平移向量：
[-24.70252196512704;
 39.15485754062546;
 296.7252948782755]
第11幅图像的旋转向量：
[-2.119991748823284;
 -1.980192344974455;
 -0.2036591901995879]
第11幅图像的旋转矩阵：
[0.07558967216439749, 0.9955179870641814, -0.05683431088488089;
 0.9631095049109911, -0.05812805263807341, 0.262756942908481;
 0.2582755950766241, -0.0745993761916664, -0.9631867160938371]
第11幅图像的平移向量：
[-24.65484100360689;
 -0.8015068953086548;
 283.8298104190821]
第12幅图像的旋转向量：
[-2.207627536184345;
 -1.592812076291152;
 -0.0607834297669865]
第12幅图像的旋转矩阵：
[0.3442381004370345, 0.9166352417009735, -0.2031747126964867;
 0.8984852066579148, -0.2588263484244068, 0.3545888531499148;
 0.2724416701321335, -0.3046124669692385, -0.9126810950942987]
第12幅图像的平移向量：
[-34.82290027790634;
 -3.786378956409513;
 289.3197919846716]
第13幅图像的旋转向量：
[-2.299007389437991;
 -1.628887331348904;
 -0.08670524681052476]
第13幅图像的旋转矩阵：
[0.3475832991097245, 0.927971590768808, -0.1343673208261861;
 0.908463551408818, -0.2978132557447722, 0.2932596809388847;
 0.2321202833482611, -0.2239999808676479, -0.9465432809066981]
第13幅图像的平移向量：
[-35.10853904025662;
 3.284202266315735;
 289.9761068873627]
第14幅图像的旋转向量：
[2.138449142407215;
 1.795984631560421;
 1.16718656650275]
第14幅图像的旋转矩阵：
[0.001673688179742894, 0.7915085919625056, 0.6111557474305624;
 0.8799341576489879, -0.2915221356823335, 0.3751409369953878;
 0.4750927035542048, 0.5371489488556627, -0.6969633632930883]
第14幅图像的平移向量：
[-20.03440916691082;
 -2.708636417100937;
 270.2323899869542]
每幅图像的标定误差：
第1幅图像的平均误差：0.099178像素
第2幅图像的平均误差：0.084176像素
第3幅图像的平均误差：0.082005像素
第4幅图像的平均误差：0.0809199像素
第5幅图像的平均误差：0.0768963像素
第6幅图像的平均误差：0.0710687像素
第7幅图像的平均误差：0.0841688像素
第8幅图像的平均误差：0.0992803像素
第9幅图像的平均误差：0.0962556像素
第10幅图像的平均误差：0.0886627像素
第11幅图像的平均误差：0.0955351像素
第12幅图像的平均误差：0.0746396像素
第13幅图像的平均误差：0.108428像素
第14幅图像的平均误差：0.080815像素
总体平均误差：0.0872878像素
