开始提取角点......
image_num = 1
filename.c_str= ./bmp/chess1.bmp
image_size.width = 640
image_size.height = 480
image_num = 2
filename.c_str= ./bmp/chess2.bmp
image_num = 3
filename.c_str= ./bmp/chess3.bmp
image_num = 4
filename.c_str= ./bmp/chess4.bmp
image_num = 5
filename.c_str= ./bmp/chess5.bmp
image_num = 6
filename.c_str= ./bmp/chess6.bmp
image_num = 7
filename.c_str= ./bmp/chess7.bmp
image_num = 8
filename.c_str= ./bmp/chess8.bmp
image_num = 9
filename.c_str= ./bmp/chess9.bmp
image_num = 10
filename.c_str= ./bmp/chess10.bmp
image_num = 11
filename.c_str= ./bmp/chess11.bmp
image_num = 12
filename.c_str= ./bmp/chess12.bmp
image_num = 13
filename.c_str= ./bmp/chess13.bmp
image_num = 14
filename.c_str= ./bmp/chess14.bmp
total=14
--> 第1幅图片的数据 -->:
-->194.401-->216.135       -->216-->179.5       -->238.984-->140.919
-->260.444-->100.566       -->231.752-->242.726       -->253.996-->205.839
-->277.643-->168.5       -->301.5-->129.071       -->270.5-->270.071
-->293.543-->233.152       -->316.625-->194.665       -->341.357-->156.5
-->309-->296.5       -->332.984-->259.919       -->356.94-->222.02
-->381.5-->183.5       -->348.1-->323.5       -->371.919-->287.016
-->396.5-->249.5       -->421.852-->210.895       -->386.602-->349.567
-->411.608-->313.392       -->437.081-->276.984       -->462.5-->239.071

--> 第2幅图片的数据 -->:
-->486.62-->186.626       -->494.5-->230.5       -->502.192-->275.346
-->510.357-->321.743       -->437.5-->192.5       -->444.155-->235.741
-->451.269-->281.346       -->458.845-->328.259       -->387.7-->197.3
-->393.722-->241.278       -->400-->286.5       -->406.305-->333.361
-->337.891-->202.413       -->343.167-->246.833       -->348.5-->292.5
-->354.5-->339.5       -->288.3-->208.7       -->292.7-->252.7
-->296.713-->298.176       -->302.7-->344.7       -->238.072-->213.674
-->241.786-->258.357       -->245.833-->303.833       -->249.349-->350.659

--> 第3幅图片的数据 -->:
-->437.909-->150.886       -->455.192-->204.115       -->471.643-->254.786
-->488.414-->305.571       -->402.611-->158.278       -->418.885-->209.192
-->436-->259       -->452.786-->308.214       -->369-->165
-->386-->214       -->402.136-->262.318       -->418.731-->310.654
-->337.808-->170.885       -->354.786-->218.643       -->370.5-->266
-->386-->313       -->307.758-->177.403       -->324.227-->223.318
-->339.833-->269.167       -->355.269-->315.346       -->279.564-->182.51
-->296-->228       -->311.5-->273       -->326.262-->316.416

--> 第4幅图片的数据 -->:
-->451.22-->210.768       -->465.5-->258       -->478.864-->303.682
-->490.736-->346.661       -->403.5-->215       -->417.864-->261.682
-->431.731-->305.654       -->444.7-->348.3       -->357.155-->218.741
-->372.132-->263.605       -->385.7-->307.3       -->399.868-->350.395
-->312.5-->222.5       -->327.808-->266.654       -->342.731-->309.654
-->356.808-->351.654       -->270.115-->225.808       -->285.109-->269.587
-->299.5-->311.5       -->314.731-->352.654       -->227.375-->228.397
-->243.5-->271.5       -->258.875-->313.75       -->273.363-->353.39

--> 第5幅图片的数据 -->:
-->492.769-->119.231       -->503.808-->159.885       -->513.5-->199.5
-->522.533-->236.26       -->443.423-->127.654       -->455-->168
-->465.773-->206.682       -->476.192-->243.115       -->395.136-->135.318
-->407.5-->174.5       -->419-->213       -->429.773-->249.682
-->347.3-->142.9       -->360.155-->181.741       -->373.259-->219.155
-->384.864-->255.682       -->299.885-->150.192       -->314.14-->188.58
-->327.3-->225.9       -->340.071-->260.786       -->253.832-->156.351
-->269.115-->194.808       -->283-->232       -->296.357-->267.214

--> 第6幅图片的数据 -->:
-->445.753-->111.69       -->456.357-->149.214       -->465.5-->184.5
-->474.457-->217.571       -->397.5-->119       -->408.58-->156.06
-->419.417-->190.667       -->429.5-->223.5       -->349.885-->126.192
-->361.929-->162.214       -->373.417-->196.667       -->384-->229.5
-->303.227-->132.318       -->316-->168       -->328.259-->202.155
-->340.357-->235.214       -->257-->139       -->270.929-->174.214
-->284-->208       -->296.5-->240       -->211.067-->144.495
-->226.5-->179.5       -->240.5-->213       -->253.5-->245

--> 第7幅图片的数据 -->:
-->475.788-->235.867       -->474.5-->278.5       -->472.5-->319.5
-->469.619-->358.334       -->425.5-->240.5       -->424.722-->282.722
-->423.3-->324.3       -->422.722-->362.722       -->375.214-->243.786
-->374.7-->286.7       -->374.7-->328.3       -->373.5-->367.5
-->323.5-->247.5       -->324-->291       -->324.5-->332.5
-->325.722-->371.722       -->271.5-->252       -->273.5-->294.5
-->274.786-->336.214       -->276.786-->376.214       -->218.834-->255.317
-->222.3-->298.7       -->225-->340       -->227.058-->379.297

--> 第8幅图片的数据 -->:
-->494.524-->92.0149       -->497.357-->126.214       -->499.278-->161.278
-->502.393-->198.527       -->444.7-->97.7       -->445.833-->131.167
-->446.5-->166.5       -->448-->204       -->394.722-->102.722
-->394.278-->136.722       -->394.5-->171.5       -->394.7-->208.7
-->345.5-->107.5       -->343.722-->141.722       -->341.968-->176.435
-->341.167-->213.833       -->295.7-->113.3       -->293.5-->147
-->291-->182       -->288.5-->218.5       -->246.982-->118.135
-->243.773-->152.773       -->239.5-->187.5       -->234.986-->224.643

--> 第9幅图片的数据 -->:
-->251.348-->107.54       -->300.5-->110.5       -->351-->113
-->399.35-->115.426       -->250.214-->157.214       -->299.5-->159.5
-->348.278-->162.278       -->397.5-->165       -->248-->206
-->297.214-->208.214       -->346.5-->210.5       -->394.786-->213.786
-->246.722-->253.722       -->295.214-->255.786       -->343.5-->258.5
-->392-->262       -->245.7-->300.7       -->294-->303
-->341.786-->306.214       -->390.214-->309.214       -->243.659-->346.415
-->292.214-->349.786       -->340-->353       -->387.274-->354.789

--> 第10幅图片的数据 -->:
-->203.443-->118.488       -->248-->121       -->293.786-->122.214
-->340.81-->123.308       -->205.167-->169.167       -->249.214-->170.786
-->295.5-->173.5       -->341.5-->175.5       -->206-->218
-->250.5-->220.5       -->295.5-->223.5       -->342.5-->226.5
-->207.5-->265.5       -->251.5-->269.5       -->296.5-->272.5
-->342.5-->276.5       -->209.5-->313.5       -->252.786-->317.214
-->298.214-->321.786       -->343.214-->326.214       -->210.411-->359.675
-->254.5-->364.5       -->298.214-->370.214       -->343.553-->374.233

--> 第11幅图片的数据 -->:
-->459.355-->151.373       -->462-->201.5       -->463.556-->249.445
-->466.369-->296.374       -->408.7-->154.7       -->411.3-->204.7
-->414.5-->252.5       -->417.5-->299.5       -->357.5-->158.5
-->360.5-->207       -->364.278-->255.278       -->367.7-->301.7
-->305.43-->160.479       -->310.5-->210       -->313.833-->257.833
-->317.5-->304.5       -->255.3-->164.7       -->259.7-->212.7
-->264.5-->260.5       -->269-->307       -->204.569-->166.679
-->210.3-->215.7       -->215-->263.5       -->219.505-->309.646

--> 第12幅图片的数据 -->:
-->388.072-->82.0251       -->405.891-->130.935       -->423.115-->177.808
-->438.972-->222.96       -->339.929-->97.2143       -->357.667-->144.583
-->375-->191       -->392.242-->235.597       -->292.5-->111.5
-->310.5-->158       -->328.242-->203.597       -->344.955-->248.136
-->245.929-->125.214       -->263.885-->171.192       -->282.389-->216.167
-->299.758-->260.403       -->200.667-->138.583       -->219.071-->183.786
-->237.667-->228.583       -->255.071-->271.786       -->156.275-->151.699
-->175.441-->196.676       -->194-->240.5       -->211.061-->283.221

--> 第13幅图片的数据 -->:
-->388.5-->110.5       -->406.5-->158.5       -->423.643-->204.5
-->439.5-->250       -->340.557-->126.565       -->358.5-->173.5
-->375.269-->219.346       -->392.048-->263.887       -->292.913-->141.988
-->311-->189       -->328.346-->233.962       -->346-->278
-->247.152-->157.543       -->264.758-->203.403       -->282.929-->248.214
-->299.885-->292.192       -->201.42-->173.14       -->219.071-->217.786
-->237.333-->262.417       -->255.192-->306.115       -->154.079-->186.246
-->174.397-->232.259       -->192.955-->276.136       -->210.536-->318.271

--> 第14幅图片的数据 -->:
-->424.834-->86.0681       -->423.786-->130.357       -->422.654-->172.269
-->421-->213.5       -->388-->100       -->387.75-->144.125
-->386-->187       -->384.935-->227.457       -->349.346-->113.731
-->348.952-->157.435       -->348.654-->201.269       -->348.155-->242.741
-->308.786-->127.357       -->309-->172.5       -->309.654-->216.577
-->310-->258.5       -->266.654-->141.269       -->268.214-->187.643
-->269.587-->231.891       -->270.643-->274.643       -->222.928-->156.328
-->225-->203       -->227.643-->247.643       -->228.715-->290.992


角点提取完成
开始标定………………
标定完成
开始保存标定结果

相机相关参数：
1.内外参数矩阵:
大小：[3 x 3]
[1443.170822897709, 0, 330.3949968316377;
 0, 1447.568842394101, 171.2339891220999;
 0, 0, 1]
2.畸变系数：
大小：[5 x 1]
[0.01382568869306439, 2.515257682747077, -0.02637227023144932, -0.009640398851763703, -277.8447668603079]

图像相关参数：
第1幅图像的旋转向量：
[-2.706910614692849;
 -0.8048853691569349;
 0.306412276746077]
第1幅图像的旋转矩阵：
[0.8202877496857715, 0.4959083355496056, -0.2849612788570964;
 0.5598643003002411, -0.7980829705920891, 0.2227454540506447;
 -0.1169614165644957, -0.3422550142559291, -0.9322990573050581]
第1幅图像的平移向量：
[-29.06885705861102;
 9.681072252061302;
 307.6151622236156]
第2幅图像的旋转向量：
[0.1694495565509597;
 3.0289822100982;
 -0.8301045956830965]
第2幅图像的旋转矩阵：
[-0.9941883533888337, 0.1028048766843899, -0.03194800957660841;
 0.1047288908071614, 0.8548834055824893, -0.5081399632876625;
 -0.02492744303576558, -0.5085327129984784, -0.8606817660402165]
第2幅图像的平移向量：
[31.34527200548429;
 3.175989476162379;
 288.2906133861757]
第3幅图像的旋转向量：
[-0.3104593886564611;
 -2.20611450079132;
 -0.2954374516385381]
第3幅图像的旋转矩阵：
[-0.5950817863957598, 0.3230194899890398, -0.7358913483573862;
 0.118012526606095, 0.9408654183953327, 0.3175615027546982;
 0.7949532760257531, 0.1021306690225667, -0.5980122200933071]
第3幅图像的平移向量：
[19.3011833949376;
 -3.556307778003408;
 258.9440652463711]
第4幅图像的旋转向量：
[-0.2741339821355753;
 -2.567260007727497;
 -0.5800554289135095]
第4幅图像的旋转矩阵：
[-0.8596141110594114, 0.2931276501622124, -0.4184970260084504;
 0.08472484962912666, 0.8895032668978821, 0.4490051648180868;
 0.5038703006953872, 0.3505140780173815, -0.7894647561409979]
第4幅图像的平移向量：
[22.34038537174835;
 7.372282788988236;
 265.1703158285498]
第5幅图像的旋转向量：
[-0.3255589100545861;
 -2.761643583404303;
 -0.8918201558348249]
第5幅图像的旋转矩阵：
[-0.951055632469531, 0.2753190243044477, -0.1403303915908005;
 0.1412439570262353, 0.7911963171588855, 0.595028177751093;
 0.27485146634419, 0.5460840801289325, -0.7913588622604704]
第5幅图像的平移向量：
[31.91661870665976;
 -9.982502409828411;
 282.6817650065348]
第6幅图像的旋转向量：
[-0.3091843526156287;
 -2.744531556660114;
 -1.047115685413806]
第6幅图像的旋转矩阵：
[-0.9606836252535867, 0.2590223316062605, -0.09997201557877437;
 0.1266047974758988, 0.7291399564832246, 0.6725519675948681;
 0.2470995698614486, 0.6334527256148625, -0.7332662865462921]
第6幅图像的平移向量：
[23.21256706258562;
 -11.7485438581168;
 289.645065700192]
第7幅图像的旋转向量：
[0.06538442640438866;
 2.932390021147477;
 0.7656774528588968]
第7幅图像的旋转矩阵：
[-0.9930084407225809, 0.01382862148173105, 0.1172305671811898;
 0.06937607389065918, 0.8718646486389989, 0.4848082041644015;
 -0.09550495811855138, 0.489551635357813, -0.8667283307318761]
第7幅图像的平移向量：
[28.4493377347747;
 12.63973524024781;
 279.7814717576724]
第8幅图像的旋转向量：
[-0.05283510086532642;
 -2.730768444276089;
 1.186352791077289]
第8幅图像的旋转矩阵：
[-0.9859912982633569, -0.03263721427598954, -0.1635725282351631;
 0.09728580714185878, 0.6840561416100708, -0.7229126273999509;
 0.1354866468612208, -0.7286988454566443, -0.6712982654174348]
第8幅图像的平移向量：
[32.52044139127912;
 -15.48580174833947;
 285.3706692256237]
第9幅图像的旋转向量：
[-2.058215021542907;
 -2.157481075558487;
 -0.0751415467783919]
第9幅图像的旋转矩阵：
[-0.04107520040311874, 0.9959574290287693, -0.07988508918595513;
 0.9879863402121981, 0.05240759245325688, 0.1453837535880835;
 0.1489826146432893, -0.07295371008836864, -0.9861449876759458]
第9幅图像的平移向量：
[-15.91041063119361;
 -12.72073479382251;
 292.1084432722149]
第10幅图像的旋转向量：
[-1.919660626807419;
 -1.949135902361029;
 0.274292790718459]
第10幅图像的旋转矩阵：
[0.01386696387420505, 0.9142338405474131, -0.4049496167560096;
 0.9904868158832518, 0.04289171342228326, 0.1307523173070303;
 0.1369071761244424, -0.4029103941543681, -0.9049417878559939]
第10幅图像的平移向量：
[-25.39587035462131;
 -10.3694839514772;
 289.8799361605874]
第11幅图像的旋转向量：
[-0.1038794780791453;
 -3.046686702666153;
 -0.4047674956241772]
第11幅图像的旋转矩阵：
[-0.9955179871395343, 0.07558967191546982, -0.05683430989606231;
 0.05812805253120161, 0.9631095044857048, 0.2627569444909692;
 0.07459937526936723, 0.2582755967353711, -0.9631867157204818]
第11幅图像的平移向量：
[25.1210581687763;
 -3.707910192743324;
 280.0998416950276]
第12幅图像的旋转向量：
[-0.4533776645707133;
 -2.802522952666735;
 -0.4713951167647716]
第12幅图像的旋转矩阵：
[-0.9166352419350552, 0.3442381001822961, -0.2031747120720155;
 0.2588263478020879, 0.8984852061805169, 0.3545888548138336;
 0.3046124667936222, 0.2724416720284119, -0.9126810945868593]
第12幅图像的平移向量：
[11.00886163072366;
 -16.7276970304573;
 274.0891686795727]
第13幅图像的旋转向量：
[-0.4927124359039101;
 -2.888023652176594;
 -0.4010886671191414]
第13幅图像的旋转矩阵：
[-0.9279715909676713, 0.3475832988734411, -0.1343673200640128;
 0.2978132553142042, 0.9084635510285782, 0.2932596825540492;
 0.2239999806162613, 0.2321202851902461, -0.9465432805144799]
第13幅图像的平移向量：
[11.29004031867209;
 -11.60646118376945;
 278.7761079002543]
第14幅图像的旋转向量：
[0.2106829323363105;
 2.420449462423462;
 0.6109558943049919]
第14幅图像的旋转矩阵：
[-0.7915085914669336, 0.001673687798487145, 0.611155748073422;
 0.2915221370007601, 0.8799341565179043, 0.3751409386239175;
 -0.5371489488703678, 0.4750927056504625, -0.696963361852818]
第14幅图像的平移向量：
[19.54102023522158;
 -17.28474390536897;
 297.089837406173]
结果保存完毕
开始评价标定结果......
每幅图像的标定误差：
第1幅图像的平均误差：0.099178像素
第2幅图像的平均误差：0.084176像素
第3幅图像的平均误差：0.082005像素
第4幅图像的平均误差：0.0809199像素
第5幅图像的平均误差：0.0768963像素
第6幅图像的平均误差：0.0710687像素
第7幅图像的平均误差：0.0841688像素
第8幅图像的平均误差：0.0992803像素
第9幅图像的平均误差：0.0962556像素
第10幅图像的平均误差：0.0886627像素
第11幅图像的平均误差：0.0955351像素
第12幅图像的平均误差：0.0746396像素
第13幅图像的平均误差：0.108428像素
第14幅图像的平均误差：0.080815像素
总体平均误差：0.0872878像素
评价完成
保存矫正图像
Frame #1
Frame #2
Frame #3
Frame #4
Frame #5
Frame #6
Frame #7
Frame #8
Frame #9
Frame #10
Frame #11
Frame #12
Frame #13
Frame #14
保存结束
finish__dengjie

